
duration to compile script 376.469µs
parent process sends: 
[168 3 222 192 60 27 109 65 39 0 0 0 49 201 163 252 120 1 0 0 204 55 236 45 1 36 83 1 56 7 168 96 40 0 0 0 1 16 76 96 4 0 0 0 1 16 76 96 4 0 0 0 1 36 83 1 40 144 96 6 0 0 0 1 12 76 96 2 0 0 0 1 16 81 98 186 122 239 138 3 0 0 0 98 97 114 0 1 8 75 96 0 0 0 0 68 100 0 0 0 0 8 0 0 0 0 0 0 0 0 0 18 0 171 0 0 0 1 40 82 99 16 0 0 0 132 227 2 0 0 0 0 0 0 0 0 0 1 16 81 98 186 196 175 209 3 0 0 0 102 111 111 0 96 254 255 255 255 68 97 24 0 0 0 64 0 0 0 7 185 1 1 64 7 165 6 8 0 1 24 80 100 3 0 0 0 9 0 0 0 115 99 114 105 112 116 46 106 115 0 0 0 97 0 0 0 0 0 0 0 0 68 96 4 0 0 0 68 96 6 0 0 0 68 96 0 0 0 0 1 16 7 21 1 96 4 0 0 0 22 4 0 22 4 16 96 4 0 0 0 128 68 93 99 0 0 0 0 12 0 2 0 0 17 0 0 1 0 0 0 96 0 0 0 0 4 40 1 8 75 96 0 0 0 0 68 104 24 0 0 0 8 0 0 0 0 0 0 0 0 0 18 0 197 39 254 248 98 63 1 249 2 19 1 0 197 93 249 2 198 171 0 0 1 36 82 99 14 0 0 0 136 96 0 0 0 0 0 0 0 0 0 0 73 98 254 255 255 255 0 0 0 0 78 0 0 0 1 16 7 152 98 4 0 0 0 1 0 0 0 6 16 0 0 4 44 99 0 0 0 0 0 0 2 0 0 16 0 8 0 0 0 0 11 10 10 10 10 10 10]

child process receives: 
[168 3 222 192 60 27 109 65 39 0 0 0 49 201 163 252 120 1 0 0 204 55 236 45 1 36 83 1 56 7 168 96 40 0 0 0 1 16 76 96 4 0 0 0 1 16 76 96 4 0 0 0 1 36 83 1 40 144 96 6 0 0 0 1 12 76 96 2 0 0 0 1 16 81 98 186 122 239 138 3 0 0 0 98 97 114 0 1 8 75 96 0 0 0 0 68 100 0 0 0 0 8 0 0 0 0 0 0 0 0 0 18 0 171 0 0 0 1 40 82 99 16 0 0 0 132 227 2 0 0 0 0 0 0 0 0 0 1 16 81 98 186 196 175 209 3 0 0 0 102 111 111 0 96 254 255 255 255 68 97 24 0 0 0 64 0 0 0 7 185 1 1 64 7 165 6 8 0 1 24 80 100 3 0 0 0 9 0 0 0 115 99 114 105 112 116 46 106 115 0 0 0 97 0 0 0 0 0 0 0 0 68 96 4 0 0 0 68 96 6 0 0 0 68 96 0 0 0 0 1 16 7 21 1 96 4 0 0 0 22 4 0 22 4 16 96 4 0 0 0 128 68 93 99 0 0 0 0 12 0 2 0 0 17 0 0 1 0 0 0 96 0 0 0 0 4 40 1 8 75 96 0 0 0 0 68 104 24 0 0 0 8 0 0 0 0 0 0 0 0 0 18 0 197 39 254 248 98 63 1 249 2 19 1 0 197 93 249 2 198 171 0 0 1 36 82 99 14 0 0 0 136 96 0 0 0 0 0 0 0 0 0 0 73 98 254 255 255 255 0 0 0 0 78 0 0 0 1 16 7 152 98 4 0 0 0 1 0 0 0 6 16 0 0 4 44 99 0 0 0 0 0 0 2 0 0 16 0 8 0 0 0 0 11 10 10 10 10 10 10]

duration to run compiled script 113.189µs

